15640333.9291041
15640333.9291041
16325511.2245701
16324930.9339141
16394203.2416261
16394203.2416261
16924036.4025821
16924036.4025821
16221154.7523061
16221154.7523061
16689616.7104701
16689616.7104701
18541365.5753301
18540785.2846741
16089445.1224541
16090605.7037661
16221735.0429621
16221154.7523061
16393622.9509701
16393042.6603141
16705027.5535381
16704447.2628821
16393042.6603141
16393042.6603141
16393042.6603141
16393042.6603141
16221735.0429621
16221154.7523061
18180823.5925441
18182564.4645121
15863280.0577921
15863280.0577921
16200978.8647521
16200978.8647521
18504543.8319541
18503963.5412981
16277778.0715681
16279518.9435361
17752440.2765281
17754181.1484961
16924036.4025821
16924036.4025821
17603671.3281201
17604831.9094321
18899361.3283161
18900521.9096281
16353267.4769581
16353267.4769581
16330367.3319781
16330947.6226341
18298409.3439161
18296668.4719481
16984311.3454741
16983731.0548181
16924036.4025821
16924036.4025821
16200398.5740961
16200978.8647521
16191071.3198601
16191071.3198601
18373994.7834141
18373994.7834141
15871016.5640641
15871016.5640641
16924036.4025821
16924616.6932381
18510794.6573861
18510214.3667301
18079336.7078761
18079336.7078761
16295407.0815561
16295987.3722121
16793487.3540441
16793487.3540441
16924036.4025821
16923456.1119261
16085376.7313141
16083055.5686901
18620388.3653801
18620388.3653801
16794067.6447001
16794647.9353561
16808191.5231061
16808771.8138361
15863280.0577921
15862699.7671361
18619808.0747241
18619227.7840681
18508326.4916061
18507165.9102941
16924036.4025821
16924036.4025821
18525119.3925581
18524539.1019021
16808191.5231801
16808191.5231801
16221154.7523061
16221154.7523061
19273396.0428901
19272815.7522341
