16574478.5049981
15863280.0577921
15698766.6674981
16704447.2628821
16111938.7735881
15598956.4601981
18365452.7973021
18506585.6196381
16923456.1119261
16284719.4590441
16393042.6603141
16704447.2628821
16853873.7321841
16839459.2427601
19569304.3150581
15794410.4051921
16103258.4104821
16393042.6603141
17216076.4783021
16923456.1119261
16295987.3722121
16395076.2879421
17512845.1616781
17589884.9943281
16945514.5035521
17366453.2508181
16324930.9339141
15736110.0621601
16923456.1119261
15679337.6518701
15981970.0157061
16206744.5537761
16059349.5131781
16393042.6603141
16216452.3034021
17058422.7249781
16111938.7735881
15584082.3694081
16780677.3845921
15517101.2131141
16174033.8112681
17413498.6572401
16330947.6226341
15733311.2999081
16174033.8112681
15981970.0157061
16221154.7523061
16355818.9799441
16305269.1328721
18654507.8597841
15863280.0577921
17236864.2246621
15863280.0577921
19286653.5858701
15689941.8062881
15779079.5173921
18435499.0107381
16318195.3680861
15794410.4051921
15847378.3053281
16103715.9998981
16243900.9673061
16352687.1863021
16164382.3420161
17956554.0828461
15989145.5744142
17010515.1301541
17432766.0567561
15867809.5386501
15461056.5010641
16808771.8138361
16923456.1119261
15788978.5070001
16328743.1586101
15644271.2087461
19495639.7708861
17313364.4014081
16352687.1863021
18613330.0509501
16305269.1328721
18180398.2573901
16002145.9032601
17960700.3159781
18539823.5616941
16871293.6044201
16393042.6603141
16793487.3540441
16923456.1119261
16216263.3245441
18619808.0747241
16188226.6102021
15858553.1891161
18749776.8326081
19286653.5858701
17742447.4106181
16393042.6603141
16941240.4595721
16690197.0011261
15709179.0902461
18624898.6648201
