16808771.8138361
16330947.6226341
16103258.4104821
16808771.8138361
15772043.5589541
16309284.4741881
18474714.3747901
18376616.8617541
16793487.3540441
16793487.3540441
16923456.1119261
16923456.1119261
16793487.3540441
16923456.1119261
19505662.4349161
16793487.3540441
16091185.9944221
16221154.7523061
16243900.9673061
16808771.8138361
16174033.8112681
17643767.3147641
18619808.0747241
16793487.3540441
16330947.6226341
17643767.3147641
16210246.6358221
16352687.1863021
16923456.1119261
16061682.8526341
16216263.3245441
16222029.0135681
16278358.3622241
16278358.3622241
16221154.7523061
18308060.4420581
16330947.6226341
15851745.5403121
16793487.3540441
15865787.5916121
16352687.1863021
16793487.3540441
16330947.6226341
17528129.6214701
16923456.1119261
16200978.8647521
16848926.2320141
16222718.4284201
17719853.7522121
18524539.1019021
15642074.8010721
16324930.9339141
16393042.6603141
16923456.1119261
16221154.7523061
16690197.0011261
18541365.5753301
16091185.9944221
16221154.7523061
16393042.6603141
16704447.2628821
16393042.6603141
16393042.6603141
16221154.7523061
18166119.4234081
15863280.0577921
16200978.8647521
18504543.8319541
16278358.3622241
17753020.5671841
16923456.1119261
17603671.3281201
18899941.6189721
16352687.1863021
16330947.6226341
18296088.1812921
16986052.2174421
16923456.1119261
16200978.8647521
16191651.6105161
18374575.0740701
15872177.1453761
16923456.1119261
18510214.3667301
18079336.7078761
16295987.3722121
16793487.3540441
16923456.1119261
16084796.4406581
18619808.0747241
16793487.3540441
16808771.8138361
15863280.0577981
18619808.0747241
18506585.6196381
16923456.1119281
18524539.1018881
16808771.8138361
16221154.7523061
19272815.7522341
