16574478.5231541
15863280.0806941
15698766.6962321
16704447.2772561
16111938.7950401
15598956.4883841
18369446.5925381
18506585.6284041
16923456.1207581
16284719.4840761
16393042.6762101
16704447.2772561
16853873.7510581
16854563.2537641
19569304.3265361
15794410.4282281
16103258.4322881
16393042.6762101
17216076.4989401
16923456.1207581
16295987.3879541
16395076.3197281
17512845.1869721
17589885.0065801
16973316.6129861
17366453.2762101
16324930.9496921
15736110.0851781
16923456.1207581
15679337.6791381
15981970.0409381
16206744.5729681
16059349.5394481
16393042.6762101
16216452.3251941
17058422.7459481
16111938.7950401
15584082.4029741
16780677.4029961
15517101.2416741
16174033.8327061
17413498.6750001
16330947.6385441
15733311.3265921
16174033.8327061
15981970.0409381
16221154.7683321
16355818.9953581
16305269.1484181
18654507.8684101
15863280.0806941
17236864.2434941
15863280.0806941
19286653.5929961
15689941.8379001
15779079.5449121
18435499.0249061
16318195.3836501
15794410.4282281
15847378.3316041
16172751.3004921
16243900.9890341
16352687.2018781
16164382.3622921
17887518.8243521
15989145.6074882
17010515.1510461
17432766.0717141
15936844.8410401
15461056.5309101
16808771.8275021
16923456.1207581
15788978.5332701
16328743.1782921
15644271.2371901
19495639.7793181
17313364.4221561
16352687.2018781
18613330.0592521
16305269.1484181
